12345678912345678912345678912345678912345678912345
12345678912345678912345678912345678912345678912345
12345678912345678912345678912345678912345678912345
12345678912345678912345678912345678912345678912345
12345678912345678912345678912345678912345678912345
12345678912345678912345678912345678912345678912345
12345678912345678912345678912345678912345678912345
12345678912345678912345678912345678912345678912345
12345678912345678912345678912345678912345678912345
12345678912345678912345678912345678912345678912345
12345678912345678912345678912345678912345678912345
12345678912345678912345678912345678912345678912345
12345678912345678912345678912345678912345678912345
12345678912345678912345678912345678912345678912345
12345678912345678912345678912345678912345678912345
12345678912345678912345678912345678912345678912345
